	Year	Population	"Yearly %
Change"	"Yearly
Change"	Migrants (net)	Median Age	Fertility Rate	Density (P/Km²)	"Urban
Pop %"	Urban Population	"Country's Share of
World Pop"	World Population	"
Global Rank"	Country	year2
0	2020	0.9999999999999989	0.39	5540090	-348399	38.4	1.69	153	6.08	875075919	18.47	7794798739	1	China	4.863394961384972e-08
1	2019	0.9999999999999989	0.43	6135900	-348399	37.0	1.65	153	5.97	856409297	18.59	7713468100	1	China	4.812441421515792e-08
2	2018	0.9999999999999988	0.47	6625995	-348399	37.0	1.65	152	5.86	837022095	18.71	7631091040	1	China	4.763079568142161e-08
3	2017	0.9999999999999988	0.49	6972440	-348399	37.0	1.65	151	5.75	816957613	18.83	7547858925	1	China	4.714917140915253e-08
4	2016	0.9999999999999988	0.51	7201481	-348399	37.0	1.65	151	5.63	796289491	18.94	7464022049	1	China	4.667446716292147e-08
5	2015	0.999999999999999	0.55	7607451	-310442	36.7	1.64	150	5.51	775352918	19.06	7379797139	1	China	4.620257910331125e-08
6	2010	0.9999999999999991	0.57	7606847	-435677	35.0	1.62	146	4.89	669353557	19.68	6956823603	1	China	4.383367526704923e-08
7	2005	0.9999999999999991	0.62	8045123	-393116	32.6	1.61	142	4.22	561983323	20.34	6541907027	1	China	4.1329257737502036e-08
8	2000	0.9999999999999992	0.79	9926046	-76600	30.0	1.62	137	3.57	460377048	21.01	6143493823	1	China	3.87431485502238e-08
9	1995	0.9999999999999992	1.07	12807372	-155996	27.4	1.83	132	3.09	383901711	21.6	5744212979	1	China	3.626340183015826e-08
10	1990	0.9999999999999994	1.82	20258863	-86330	24.9	2.73	125	2.63	310022147	22.09	5327231061	1	China	3.398806601169656e-08
11	1985	0.9999999999999993	1.47	15100025	-40000	23.5	2.52	115	2.28	244946241	22.08	4870921740	1	China	3.254029955024813e-08
12	1980	0.9999999999999996	1.55	14769670	-9401	21.9	3.01	107	1.92	192392094	22.43	4458003514	1	China	2.999732318886523e-08
13	1975	0.9999999999999997	2.28	19727898	-221096	20.3	4.85	99	1.73	160244444	22.7	4079480606	1	China	2.6990818916398826e-08
14	1970	0.9999999999999997	2.7	20676485	-32000	19.3	6.3	88	1.73	143513192	22.36	3700437046	1	China	2.416622319029104e-08
15	1965	0.9999999999999999	1.86	12762182	-225145	19.8	6.15	77	1.8	130684595	21.69	3339583597	1	China	2.071196787543957e-08
16	1960	0.9999999999999998	1.53	9633300	-11900	21.3	5.48	70	1.61	106561743	21.76	3034949748	1	China	1.5142153262891144e-08
17	1955	1.0	2.0	11564456	-51205	22.2	6.11	65	1.38	84639825	22.08	2773019936	1	China	8.16671127161029e-09
18	2020	0.9999999999999988	0.99	13586631	-532687	28.4	2.24	464	3.5	483098640	17.7	7794798739	2	India	5.072447650229743e-08
19	2019	0.9999999999999986	1.02	13775474	-532687	27.1	2.36	460	3.45	471828295	17.71	7713468100	2	India	5.049700195859714e-08
20	2018	0.9999999999999988	1.04	13965495	-532687	27.1	2.36	455	3.41	460779764	17.73	7631091040	2	India	5.027197582497563e-08
21	2017	0.9999999999999988	1.07	14159536	-532687	27.1	2.36	450	3.36	449963381	17.74	7547858925	2	India	5.004942249745514e-08
22	2016	0.9999999999999988	1.1	14364846	-532687	27.1	2.36	445	3.32	439391699	17.75	7464022049	2	India	4.9829475644676874e-08
23	2015	0.9999999999999988	1.2	15174247	-470015	26.8	2.4	441	3.27	429069459	17.75	7379797139	2	India	4.961254877765539e-08
24	2010	0.9999999999999989	1.47	17334249	-531169	25.1	2.8	415	3.08	380744554	17.74	6956823603	2	India	4.8611290083927906e-08
25	2005	0.9999999999999988	1.67	18206876	-377797	23.8	3.14	386	2.91	334479406	17.54	6541907027	2	India	4.792569208927724e-08
26	2000	0.9999999999999989	1.85	18530592	-136514	22.7	3.48	355	2.76	291350282	17.2	6143493823	2	India	4.7322692681391916e-08
27	1995	0.9999999999999989	1.99	18128958	-110590	21.8	3.83	324	2.65	255558824	16.78	5744212979	2	India	4.668424680592706e-08
28	1990	0.9999999999999989	2.17	17783558	9030	21.1	4.27	294	2.55	222296728	16.39	5327231061	2	India	4.580443942535678e-08
29	1985	0.9999999999999989	2.33	17081433	115942	20.6	4.68	264	2.43	190321782	16.1	4870921740	2	India	4.462236682520912e-08
30	1980	0.9999999999999991	2.32	15169989	222247	20.2	4.97	235	2.3	160941941	15.68	4458003514	2	India	4.292135049957673e-08
31	1975	0.999999999999999	2.33	13582621	421208	19.7	5.41	210	2.13	132533810	15.27	4079480606	2	India	4.012178425163056e-08
32	1970	0.9999999999999993	2.15	11213294	-68569	19.3	5.72	187	1.97	109388950	15.0	3700437046	2	India	3.6023717093126936e-08
33	1965	0.9999999999999997	2.07	9715129	-17078	19.6	5.89	168	1.87	93493844	14.95	3339583597	2	India	3.005269294928801e-08
34	1960	0.9999999999999998	1.91	8133417	-30805	20.2	5.9	152	1.79	80565723	14.85	3034949748	2	India	2.219520922224082e-08
35	1955	1.0	1.72	6711079	-21140	20.7	5.9	138	1.76	71958495	14.78	2773019936	2	India	1.219867459204796e-08
36	2020	0.9999999999999777	0.59	1937734	954806	38.3	1.78	36	8.28	273975139	4.25	7794798739	3	USA	2.114786687916842e-07
37	2019	0.9999999999999779	0.6	1968652	954806	37.7	1.85	36	8.25	271365914	4.27	7713468100	3	USA	2.096850695268693e-07
38	2018	0.9999999999999784	0.62	2011509	954806	37.7	1.85	36	8.22	268786714	4.29	7631091040	3	USA	2.07889869974512e-07
39	2017	0.9999999999999787	0.64	2068761	954806	37.7	1.85	36	8.19	266243516	4.31	7547858925	3	USA	2.0610009778495605e-07
40	2016	0.9999999999999791	0.67	2137685	954806	37.7	1.85	35	8.17	263743312	4.33	7464022049	3	USA	2.0432424716305031e-07
41	2015	0.9999999999999796	0.76	2373367	992343	37.6	1.88	35	8.14	261287811	4.35	7379797139	3	USA	2.0256900505365624e-07
42	2010	0.9999999999999811	0.93	2803593	1085751	36.9	2.06	34	8.07	249297076	4.44	6956823603	3	USA	1.941675466906168e-07
43	2005	0.9999999999999826	0.93	2656520	1066979	36.1	2.04	32	8.0	235892407	4.51	6541907027	3	USA	1.8644477911922287e-07
44	2000	0.9999999999999841	1.22	3309433	1771991	35.2	2.0	31	7.91	222927913	4.59	6143493823	3	USA	1.7748691443113126e-07
45	1995	0.9999999999999856	1.01	2608687	892751	34.0	2.03	29	7.74	205240402	4.62	5744212979	3	USA	1.6970645817360646e-07
46	1990	0.9999999999999875	0.95	2324097	673371	32.8	1.91	28	7.54	190156233	4.73	5327231061	3	USA	1.5865441446844927e-07
47	1985	0.9999999999999895	0.94	2204694	676492	31.4	1.8	26	7.46	179400645	4.94	4870921740	3	USA	1.4553025142533735e-07
48	1980	0.9999999999999916	0.93	2079021	754176	30.0	1.77	25	7.38	169422683	5.15	4458003514	3	USA	1.3073242396033425e-07
49	1975	0.9999999999999934	0.9	1913582	577869	29.0	2.03	24	7.37	161450209	5.37	4079480606	3	USA	1.1411291420825343e-07
50	1970	0.9999999999999954	0.96	1955933	311211	28.4	2.54	23	7.36	154262109	5.66	3700437046	3	USA	9.545931492734828e-08
51	1965	0.9999999999999971	1.36	2602621	367146	28.6	3.23	22	7.19	143624659	5.98	3339583597	3	USA	7.510000466821608e-08
52	1960	0.9999999999999986	1.69	3007047	424979	29.7	3.58	20	7.0	130757407	6.15	3034949748	3	USA	5.355596304383616e-08
53	1955	0.9999999999999997	1.57	2576188	173553	30.3	3.31	19	6.72	115375863	6.19	2773019936	3	USA	2.9123046361979325e-08
54	2020	0.9999999999999674	1.07	2898047	-98955	29.7	2.32	151	5.64	154188546	3.51	7794798739	4	Indonasia	2.5591940205966387e-07
55	2019	0.9999999999999674	1.1	2955025	-98955	28.8	2.42	149	5.58	150900390	3.51	7713468100	4	Indonasia	2.5496482283594785e-07
56	2018	0.9999999999999677	1.14	3019580	-98955	28.8	2.42	148	5.51	147603006	3.51	7631091040	4	Indonasia	2.5404364349497286e-07
57	2017	0.999999999999968	1.18	3094582	-98955	28.8	2.42	146	5.45	144294861	3.51	7547858925	4	Indonasia	2.5316363575823396e-07
58	2016	0.9999999999999681	1.23	3173125	-98955	28.8	2.42	144	5.39	140972925	3.5	7464022049	4	Indonasia	2.523356522508158e-07
59	2015	0.9999999999999684	1.33	3309808	-90889	28.5	2.45	143	5.33	137634761	3.5	7379797139	4	Indonasia	2.5156428867046226e-07
60	2010	0.9999999999999692	1.34	3108949	-266737	27.2	2.5	133	5.01	121052980	3.48	6956823603	4	Indonasia	2.4810385081365826e-07
61	2005	0.9999999999999705	1.36	2955129	-229931	25.6	2.53	125	4.6	104155654	3.46	6541907027	4	Indonasia	2.430515215754333e-07
62	2000	0.9999999999999721	1.44	2915913	-13534	24.4	2.55	117	4.2	88851487	3.44	6143493823	4	Indonasia	2.3639116957381365e-07
63	1995	0.999999999999974	1.66	3104172	-7082	22.8	2.9	109	3.61	71053577	3.43	5744212979	4	Indonasia	2.285026485488042e-07
64	1990	0.9999999999999757	1.92	3286190	52256	21.3	3.4	100	3.06	55491343	3.41	5327231061	4	Indonasia	2.204908764127527e-07
65	1985	0.9999999999999776	2.27	3506923	95016	19.9	4.11	91	2.61	43049412	3.39	4870921740	4	Indonasia	2.1214377521885172e-07
66	1980	0.9999999999999793	2.44	3353422	75749	19.1	4.73	81	2.21	32601807	3.31	4458003514	4	Indonasia	2.0346178563108503e-07
67	1975	0.9999999999999818	2.63	3177510	101655	18.5	5.3	72	1.93	25252096	3.2	4079480606	5	Indonasia	1.913059452140907e-07
68	1970	0.9999999999999848	2.74	2905223	111212	18.6	5.57	63	1.71	19603959	3.1	3700437046	5	Indonasia	1.7422638129244664e-07
69	1965	0.9999999999999889	2.7	2503199	89993	19.4	5.62	55	1.58	15838170	3.0	3339583597	6	Indonasia	1.4960047398217206e-07
70	1960	0.9999999999999936	2.58	2095529	80536	20.2	5.67	48	1.46	12805184	2.89	3034949748	6	Indonasia	1.1395872697526526e-07
71	1955	0.9999999999999979	2.13	1546022	75743	20.4	5.49	43	1.35	10404671	2.79	2773019936	6	Indonasia	6.470529810216111e-08
72	2020	0.9999999999999498	2.0	4327022	-233379	22.8	3.55	287	3.51	77437729	2.83	7794798739	5	Pakistan	3.16896457342054e-07
73	2019	0.9999999999999494	2.04	4337032	-233379	22.0	3.73	281	3.49	75510639	2.81	7713468100	5	Pakistan	3.1861057272335965e-07
74	2018	0.9999999999999487	2.08	4322077	-233379	22.0	3.73	275	3.47	73630430	2.78	7631091040	5	Pakistan	3.2040969317349394e-07
75	2017	0.9999999999999482	2.1	4274856	-233379	22.0	3.73	270	3.45	71795700	2.75	7547858925	5	Pakistan	3.222606978514842e-07
76	2016	0.9999999999999476	2.11	4204389	-233379	22.0	3.73	264	3.44	70005271	2.73	7464022049	6	Pakistan	3.241151179700532e-07
77	2015	0.9999999999999469	2.14	4000465	-215833	21.8	3.78	259	3.42	68226783	2.7	7379797139	6	Pakistan	3.259338591746127e-07
78	2010	0.999999999999944	2.28	3824127	-67961	20.7	4.17	233	3.33	59691513	2.58	6956823603	6	Pakistan	3.3440222962461794e-07
79	2005	0.9999999999999413	2.41	3592086	-130036	19.6	4.71	208	3.26	52301807	2.45	6541907027	6	Pakistan	3.4309809646179757e-07
80	2000	0.9999999999999383	2.83	3713348	94182	18.8	5.37	185	3.21	45687389	2.32	6143493823	7	Pakistan	3.5126277351266885e-07
81	1995	0.999999999999934	2.83	3225784	-204677	18.4	5.96	161	3.16	39104110	2.15	5744212979	8	Pakistan	3.63557514988705e-07
82	1990	0.999999999999931	3.15	3091282	27958	18.5	6.3	140	3.06	32923693	2.02	5327231061	8	Pakistan	3.7158172334788744e-07
83	1985	0.999999999999928	3.39	2827433	277424	18.6	6.44	120	2.94	27060895	1.89	4870921740	8	Pakistan	3.796445030567075e-07
84	1980	0.9999999999999262	3.16	2247493	134441	18.5	6.6	101	2.81	21910455	1.75	4458003514	10	Pakistan	3.8434760766608185e-07
85	1975	0.99999999999993	2.82	1734963	-27621	18.6	6.6	87	2.63	17592808	1.64	4079480606	10	Pakistan	3.741569663604339e-07
86	1970	0.9999999999999408	2.69	1444817	-41996	19.3	6.6	75	2.48	14416426	1.57	3700437046	10	Pakistan	3.4398506004085195e-07
87	1965	0.9999999999999566	2.51	1185857	-18654	19.9	6.6	66	2.35	11954323	1.52	3339583597	14	Pakistan	2.9459144830483435e-07
88	1960	0.9999999999999754	2.13	900132	-3340	20.1	6.6	58	2.21	9926658	1.48	3034949748	14	Pakistan	2.2227808811502964e-07
89	1955	0.9999999999999925	1.52	589131	-1651	20.1	6.6	53	1.97	7968418	1.46	2773019936	14	Pakistan	1.2349328925116787e-07
90	2020	0.9999999999999459	0.72	1509890	21200	33.5	1.74	25	8.76	186217070	2.73	7794798739	6	Brazil	3.2931968382278827e-07
91	2019	0.9999999999999466	0.75	1580204	21200	31.8	1.76	25	8.74	184407548	2.74	7713468100	6	Brazil	3.2693747757130164e-07
92	2018	0.9999999999999474	0.79	1635500	21200	31.8	1.76	25	8.71	182546459	2.74	7631091040	6	Brazil	3.246298743229166e-07
93	2017	0.999999999999948	0.81	1670770	21200	31.8	1.76	25	8.69	180633872	2.75	7547858925	6	Brazil	3.223729373442576e-07
94	2016	0.9999999999999487	0.83	1691284	21200	31.8	1.76	25	8.67	178669587	2.76	7464022049	5	Brazil	3.201349564802798e-07
95	2015	0.9999999999999494	0.88	1751627	3185	31.4	1.77	24	8.64	176653700	2.77	7379797139	5	Brazil	3.178922954395563e-07
96	2010	0.9999999999999529	1.01	1917306	0	29.2	1.86	23	8.48	165969018	2.81	6956823603	5	Brazil	3.0657036235619034e-07
97	2005	0.9999999999999565	1.26	2267353	0	27.1	2.13	22	8.32	154831640	2.85	6541907027	5	Brazil	2.954969970171276e-07
98	2000	0.999999999999959	1.53	2554089	0	25.3	2.47	21	8.14	142319507	2.85	6143493823	5	Brazil	2.860569983444048e-07
99	1995	0.9999999999999614	1.69	2603335	0	23.9	2.72	19	7.77	125958216	2.82	5744212979	5	Brazil	2.777436667407703e-07
100	1990	0.999999999999964	1.95	2745829	0	22.6	3.14	18	7.41	110404028	2.8	5327231061	5	Brazil	2.6845056901889e-07
101	1985	0.9999999999999665	2.31	2916014	0	21.4	3.8	16	7.01	94786793	2.78	4870921740	6	Brazil	2.587339718000583e-07
102	1980	0.9999999999999691	2.4	2695561	0	20.3	4.24	14	6.57	79320279	2.71	4458003514	6	Brazil	2.485624617871387e-07
103	1975	0.9999999999999729	2.42	2420588	0	19.5	4.63	13	6.1	65415995	2.63	4079480606	7	Brazil	2.3317370727679945e-07
104	1970	0.9999999999999779	2.67	2347947	0	18.6	5.34	11	5.6	53295882	2.57	3700437046	7	Brazil	2.1027561192436784e-07
105	1965	0.9999999999999838	2.93	2238861	0	18.3	5.97	10	5.11	42615168	2.5	3339583597	8	Brazil	1.7991321706061571e-07
106	1960	0.9999999999999905	2.91	1929061	0	18.6	6.06	9	4.62	33315588	2.38	3034949748	8	Brazil	1.3854401819160413e-07
107	1955	0.9999999999999968	2.99	1711838	59635	18.9	6.1	7	4.11	25688833	2.26	2773019936	8	Brazil	7.995660722942991e-08
108	2020	0.9999999999999423	2.58	5175990	-60000	18.1	5.42	226	5.2	107112526	2.64	7794798739	7	Nigeria	3.395757231280594e-07
109	2019	0.9999999999999412	2.6	5088916	-60000	17.9	5.67	221	5.12	102805995	2.61	7713468100	7	Nigeria	3.4334576183618176e-07
110	2018	0.9999999999999397	2.62	5001439	-60000	17.9	5.67	215	5.03	98610801	2.57	7631091040	7	Nigeria	3.4716074052304097e-07
111	2017	0.9999999999999385	2.64	4913003	-60000	17.9	5.67	210	4.95	94525016	2.53	7547858925	7	Nigeria	3.5101829148980085e-07
112	2016	0.999999999999937	2.66	4822793	-60000	17.9	5.67	204	4.87	90546177	2.49	7464022049	7	Nigeria	3.549145755301309e-07
113	2015	0.9999999999999357	2.71	4526850	-60000	17.9	5.74	199	4.78	86673094	2.45	7379797139	7	Nigeria	3.588435230687131e-07
114	2010	0.9999999999999284	2.68	3927636	-60000	17.9	5.91	174	4.35	68949828	2.28	6956823603	7	Nigeria	3.785412605904454e-07
115	2005	0.9999999999999216	2.58	3316233	-34000	18.0	6.05	152	3.91	54288918	2.12	6541907027	9	Nigeria	3.960680780823565e-07
116	2000	0.9999999999999164	2.53	2867103	-19005	17.9	6.17	134	3.49	42627440	1.99	6143493823	10	Nigeria	4.0888473825444507e-07
117	1995	0.9999999999999132	2.54	2547177	-19154	17.7	6.37	119	3.22	34785545	1.88	5744212979	10	Nigeria	4.168660869108921e-07
118	1990	0.9999999999999117	2.64	2329933	-18281	17.4	6.6	105	2.97	28276132	1.79	5327231061	10	Nigeria	4.2011312596195634e-07
119	1985	0.9999999999999123	2.62	2027830	-135413	17.5	6.76	92	2.57	21434266	1.72	4870921740	10	Nigeria	4.188467390118332e-07
120	1980	0.9999999999999166	2.99	2009867	164143	18.0	6.76	81	2.2	16139321	1.65	4458003514	11	Nigeria	4.085877908002386e-07
121	1975	0.9999999999999222	2.51	1478431	-7705	18.3	6.61	70	1.98	12535584	1.55	4079480606	11	Nigeria	3.9448168719751427e-07
122	1970	0.9999999999999362	2.23	1170845	-8669	18.7	6.35	61	1.78	9942297	1.51	3700437046	11	Nigeria	3.572567710161069e-07
123	1965	0.9999999999999553	2.12	997893	204	19.0	6.35	55	1.66	8296771	1.5	3339583597	13	Nigeria	2.992344326428245e-07
124	1960	0.9999999999999754	1.9	810472	541	19.1	6.35	50	1.54	6955737	1.49	3034949748	13	Nigeria	2.2154057633071457e-07
125	1955	0.9999999999999926	1.65	645270	674	19.1	6.35	45	1.21	4952844	1.48	2773019936	13	Nigeria	1.2169565862907317e-07
126	2020	0.9999999999999097	1.01	1643222	-369501	27.6	2.05	1265	3.94	64814953	2.11	7794798739	8	Bangladesh	4.250425784884608e-07
127	2019	0.9999999999999104	1.03	1669453	-369501	26.1	2.18	1253	3.86	62865820	2.11	7713468100	8	Bangladesh	4.231930367253101e-07
128	2018	0.9999999999999112	1.06	1691284	-369501	26.1	2.18	1240	3.78	60944245	2.11	7631091040	8	Bangladesh	4.21374316298446e-07
129	2017	0.999999999999912	1.08	1708271	-369501	26.1	2.18	1227	3.7	59046818	2.12	7547858925	8	Bangladesh	4.195749262624878e-07
130	2016	0.9999999999999126	1.1	1720877	-369501	26.1	2.18	1214	3.62	57168030	2.12	7464022049	8	Bangladesh	4.1778193078333447e-07
131	2015	0.9999999999999134	1.15	1736169	-461368	25.7	2.21	1200	3.54	55305132	2.12	7379797139	8	Bangladesh	4.1598329144868635e-07
132	2010	0.9999999999999174	1.2	1707985	-650956	24.0	2.48	1134	3.14	46347089	2.12	6956823603	8	Bangladesh	4.06571744361477e-07
133	2005	0.9999999999999217	1.72	2275530	-298507	22.5	2.94	1068	2.77	38452976	2.13	6541907027	8	Bangladesh	3.9558240896809555e-07
134	2000	0.9999999999999233	2.08	2497585	-143980	21.0	3.43	981	2.43	31040651	2.08	6143493823	8	Bangladesh	3.916719452294425e-07
135	1995	0.9999999999999236	2.22	2399595	-162759	19.6	4.06	885	2.24	25751454	2.0	5744212979	9	Bangladesh	3.9072698924099865e-07
136	1990	0.999999999999925	2.6	2481555	-43873	18.6	4.98	793	2.04	21037450	1.94	5327231061	9	Bangladesh	3.8770225505850635e-07
137	1985	0.9999999999999256	2.65	2224938	-158765	17.8	5.98	697	1.8	16305971	1.86	4870921740	9	Bangladesh	3.8561466476261235e-07
138	1980	0.9999999999999291	2.59	1914638	-227469	17.4	6.63	612	1.52	12099053	1.79	4458003514	8	Bangladesh	3.7669753564846204e-07
139	1975	0.9999999999999364	1.75	1166764	-609057	17.7	6.91	538	1.0	7013461	1.72	4079480606	9	Bangladesh	3.56804906826727e-07
140	1970	0.9999999999999515	3.01	1769474	-32364	17.8	6.92	493	0.77	4938975	1.74	3700437046	9	Bangladesh	3.113689425857626e-07
141	1965	0.9999999999999633	2.9	1474322	-28476	18.4	6.8	425	0.63	3467675	1.66	3339583597	12	Bangladesh	2.7083090488287625e-07
142	1960	0.9999999999999782	2.67	1185441	297	19.0	6.62	369	0.52	2474987	1.58	3034949748	11	Bangladesh	2.0827473870683929e-07
143	1955	0.9999999999999929	2.12	838324	-11019	19.3	6.36	323	0.47	1974441	1.52	2773019936	12	Bangladesh	1.1880350330621749e-07
144	2020	0.999999999999885	0.04	62206	182456	39.6	1.82	9	7.37	107486269	1.87	7794798739	9	Rusia	4.796673728786004e-07
145	2019	0.9999999999998882	0.09	138218	182456	38.8	1.72	9	7.36	107327101	1.89	7713468100	9	Rusia	4.730166098205288e-07
146	2018	0.9999999999998912	0.14	203956	182456	38.8	1.72	9	7.35	107156855	1.91	7631091040	9	Rusia	4.6660341628626666e-07
147	2017	0.9999999999998941	0.18	254699	182456	38.8	1.72	9	7.35	106972626	1.93	7547858925	9	Rusia	4.603859152638484e-07
148	2016	0.9999999999998969	0.2	290326	182456	38.8	1.72	9	7.35	106770279	1.95	7464022049	9	Rusia	4.5430959214881707e-07
149	2015	0.9999999999998995	0.21	301157	360120	38.6	1.7	9	7.35	106549491	1.96	7379797139	9	Rusia	4.4832206397652046e-07
150	2010	0.9999999999999125	-0.03	-38568	465334	38.0	1.46	9	7.35	105485979	2.06	6956823603	9	Rusia	4.181788653321089e-07
151	2005	0.9999999999999267	-0.38	-546557	355620	37.3	1.3	9	7.34	105505958	2.2	6541907027	7	Rusia	3.8281610608418946e-07
152	2000	0.9999999999999418	-0.25	-364513	474931	36.5	1.25	9	7.33	107381741	2.38	6143493823	6	Rusia	3.415186170370065e-07
153	1995	0.9999999999999539	0.09	139181	498024	35.0	1.55	9	7.34	108802154	2.58	5744212979	6	Rusia	3.035874606397031e-07
154	1990	0.9999999999999633	0.63	914855	178051	33.4	2.12	9	7.34	108302585	2.77	5327231061	6	Rusia	2.711284265473103e-07
155	1985	0.99999999999997	0.7	980827	220112	32.2	2.04	9	7.19	102829481	2.93	4870921740	5	Rusia	2.4482837824478357e-07
156	1980	0.9999999999999765	0.63	849658	122879	31.4	1.94	8	6.98	96298016	3.1	4458003514	5	Rusia	2.1730760942433618e-07
157	1975	0.9999999999999827	0.56	731241	-59372	30.8	2.03	8	6.64	88869066	3.28	4079480606	4	Rusia	1.868392551188206e-07
158	1970	0.9999999999999882	0.57	728983	-109944	30.8	2.02	8	6.25	81289925	3.52	3700437046	4	Rusia	1.5367043406895471e-07
159	1965	0.999999999999993	1.08	1326407	-277569	28.6	2.55	8	5.82	73579688	3.79	3339583597	4	Rusia	1.1857357319470704e-07
160	1960	0.9999999999999966	1.48	1703280	-240591	27.2	2.82	7	5.37	64402146	3.95	3034949748	4	Rusia	8.342252591729294e-08
161	1955	0.9999999999999991	1.61	1711329	6559	26.1	2.85	7	4.9	54512824	4.02	2773019936	4	Rusia	4.4901320368226705e-08
162	2020	0.9999999999998527	1.06	1357224	-60000	29.2	2.14	66	8.38	108074410	1.65	7794798739	10	Mexico	5.429186794761893e-07
163	2019	0.9999999999998538	1.1	1384741	-60000	28.0	2.26	66	8.34	106450227	1.65	7713468100	10	Mexico	5.408560759327905e-07
164	2018	0.9999999999998548	1.13	1413464	-60000	28.0	2.26	65	8.31	104811498	1.65	7631091040	11	Mexico	5.388665930193742e-07
165	2017	0.9999999999998559	1.17	1443948	-60000	28.0	2.26	64	8.27	103158751	1.65	7547858925	11	Mexico	5.369565386735681e-07
166	2016	0.9999999999998568	1.21	1475118	-60000	28.0	2.26	63	8.23	101492232	1.65	7464022049	11	Mexico	5.35134950007292e-07
167	2015	0.9999999999998578	1.33	1553059	-84495	27.7	2.29	63	8.19	99812701	1.65	7379797139	11	Mexico	5.334066075357055e-07
168	2010	0.9999999999998618	1.48	1617552	-112481	26.2	2.4	59	8.0	91292115	1.64	6956823603	11	Mexico	5.258869471204084e-07
169	2005	0.9999999999998654	1.4	1421072	-441223	24.7	2.61	55	7.81	82773323	1.62	6541907027	11	Mexico	5.188424571951681e-07
170	2000	0.9999999999998722	1.53	1447312	-459294	22.9	2.85	51	7.69	76007411	1.61	6143493823	11	Mexico	5.055619652386069e-07
171	1995	0.9999999999998795	1.78	1544031	-403707	21.3	3.23	47	7.53	68998980	1.6	5744212979	11	Mexico	4.909272016597985e-07
172	1990	0.9999999999998864	2.01	1591929	-367107	19.7	3.75	43	7.26	60961783	1.58	5327231061	11	Mexico	4.765130755425644e-07
173	1985	0.9999999999998939	2.32	1644423	-254640	18.5	4.37	39	7.02	53340061	1.56	4870921740	12	Mexico	4.6062641112073615e-07
174	1980	0.999999999999902	2.6	1630684	-250763	17.4	5.33	35	6.79	46013540	1.52	4458003514	12	Mexico	4.4273011473258036e-07
175	1975	0.999999999999912	2.97	1622878	-184076	16.9	6.32	31	6.41	38203008	1.46	4079480606	12	Mexico	4.1940712173085026e-07
176	1970	0.9999999999999246	3.14	1473942	-123217	16.7	6.75	26	5.96	30708514	1.39	3700437046	14	Mexico	3.883980454644865e-07
177	1965	0.9999999999999423	3.16	1270399	-81817	16.8	6.75	23	5.56	24512097	1.32	3339583597	16	Mexico	3.3995217960677945e-07
178	1960	0.9999999999999649	3.15	1084253	-57497	17.2	6.78	19	5.13	19374402	1.24	3034949748	16	Mexico	2.647473612564224e-07
179	1955	0.999999999999988	2.97	881185	-46382	17.8	6.75	17	4.7	15220256	1.17	2773019936	16	Mexico	1.545566579360683e-07
180	2020	0.9999999999998468	-0.3	-383840	71560	48.4	1.37	347	9.18	116099672	1.62	7794798739	11	Japan	5.534626716032897e-07
181	2019	0.9999999999998521	-0.27	-341891	71560	46.7	1.4	348	9.17	116322813	1.64	7713468100	11	Japan	5.439053782474456e-07
182	2018	0.9999999999998571	-0.24	-300533	71560	46.7	1.4	349	9.16	116521525	1.67	7631091040	10	Japan	5.345819826751907e-07
183	2017	0.999999999999862	-0.2	-260540	71560	46.7	1.4	350	9.15	116693276	1.69	7547858925	10	Japan	5.254789652534152e-07
184	2016	0.9999999999998666	-0.17	-221868	71560	46.7	1.4	350	9.14	116835097	1.71	7464022049	10	Japan	5.16580411435096e-07
185	2015	0.9999999999998711	-0.09	-111444	71627	46.4	1.41	351	9.14	116944428	1.73	7379797139	10	Japan	5.078714884797722e-07
186	2010	0.9999999999998912	0.03	43247	55516	44.7	1.34	353	9.08	116741034	1.85	6956823603	10	Japan	4.667722240932797e-07
187	2005	0.9999999999999082	0.13	160388	32840	43.0	1.3	352	8.6	110340709	1.96	6541907027	10	Japan	4.285955323388339e-07
188	2000	0.9999999999999231	0.18	231738	-20067	41.2	1.37	350	7.87	100303716	2.08	6143493823	9	Japan	3.9208252389853673e-07
189	1995	0.9999999999999367	0.3	372049	9257	39.4	1.48	347	7.8	98593178	2.2	5744212979	7	Japan	3.561099010232664e-07
190	1990	0.9999999999999484	0.43	524352	-59668	37.3	1.65	342	7.73	96298507	2.34	5327231061	7	Japan	3.212716187687999e-07
191	1985	0.9999999999999588	0.68	813308	10000	35.0	1.76	334	7.67	93507944	2.5	4870921740	7	Japan	2.871595020562225e-07
192	1980	0.9999999999999676	0.94	1080716	41001	32.5	1.83	323	7.62	89755553	2.64	4458003514	7	Japan	2.546323134856416e-07
193	1975	0.9999999999999754	1.39	1496822	142987	30.3	2.13	308	7.57	85121987	2.76	4079480606	6	Japan	2.2239349684408403e-07
194	1970	0.9999999999999818	1.28	1296450	164541	28.8	2.04	288	7.19	75417163	2.84	3700437046	6	Japan	1.9060461986905477e-07
195	1965	0.9999999999999885	1.0	954677	-30270	27.2	2.03	270	6.79	66812422	2.95	3339583597	5	Japan	1.5236624473338282e-07
196	1960	0.9999999999999942	1.02	931072	-20000	25.4	2.17	257	6.33	59269408	3.09	3034949748	5	Japan	1.0675364669122615e-07
197	1955	0.9999999999999984	1.46	1243235	0	23.6	2.96	244	5.84	52005319	3.21	2773019936	5	Japan	5.616825321574194e-08
198	2020	0.9999999999998147	2.57	2884858	30000	19.5	4.3	115	2.13	24463423	1.47	7794798739	12	Ethiopia	6.088884421386276e-07
199	2019	0.9999999999998106	2.61	2854316	30000	18.6	4.73	112	2.09	23376340	1.45	7713468100	12	Ethiopia	6.15638667568654e-07
200	2018	0.9999999999998062	2.65	2824490	30000	18.6	4.73	109	2.04	22327769	1.43	7631091040	12	Ethiopia	6.225714335257209e-07
201	2017	0.9999999999998018	2.7	2796462	30000	18.6	4.73	106	2.0	21316856	1.41	7547858925	12	Ethiopia	6.296996979056745e-07
202	2016	0.999999999999797	2.75	2768004	30000	18.6	4.73	104	1.96	20343215	1.39	7464022049	13	Ethiopia	6.370443489618774e-07
203	2015	0.9999999999997923	2.84	2639099	79999	18.3	4.85	101	1.92	19403087	1.37	7379797139	13	Ethiopia	6.446145164529971e-07
204	2010	0.9999999999997657	2.8	2258731	-10026	17.3	5.45	88	1.73	15189140	1.26	6956823603	14	Ethiopia	6.846191767032896e-07
205	2005	0.9999999999997407	2.89	2024301	-30000	16.7	6.18	76	1.58	12046373	1.17	6541907027	15	Ethiopia	7.204015397677267e-07
206	2000	0.999999999999715	3.03	1835379	-31115	16.6	6.83	66	1.48	9807289	1.08	6143493823	16	Ethiopia	7.550041220202894e-07
207	1995	0.9999999999996889	3.56	1832009	291589	16.7	7.09	57	1.39	7924483	0.99	5744212979	22	Ethiopia	7.888106957399034e-07
208	1990	0.9999999999996512	3.33	1447145	153199	16.8	7.37	48	1.27	6069048	0.9	5327231061	23	Ethiopia	8.352846801582415e-07
209	1985	0.9999999999996294	2.96	1102086	49709	17.0	7.42	41	1.15	4673050	0.83	4870921740	24	Ethiopia	8.609632639025587e-07
210	1980	0.9999999999996355	1.53	514972	-422474	17.6	7.18	35	1.04	3671221	0.79	4458003514	26	Ethiopia	8.536863542672328e-07
211	1975	0.9999999999997053	2.77	830355	-11919	17.6	7.1	33	0.95	3080708	0.8	4079480606	26	Ethiopia	7.67651674306417e-07
212	1970	0.9999999999997523	2.58	680290	-8436	18.0	6.87	28	0.86	2440181	0.77	3700437046	26	Ethiopia	7.038516911284473e-07
213	1965	0.9999999999998203	2.46	572470	-4000	18.1	6.9	25	0.76	1897839	0.75	3339583597	25	Ethiopia	5.996731541439576e-07
214	1960	0.9999999999998981	2.12	440797	-4000	18.1	6.9	22	0.64	1425096	0.73	3034949748	25	Ethiopia	4.5144122158545346e-07
215	1955	0.9999999999999686	1.93	363852	-4000	18.0	7.17	20	0.54	1085996	0.72	2773019936	25	Ethiopia	2.5066059092130616e-07
216	2020	0.999999999999796	1.35	1464463	-67152	25.7	2.58	368	4.75	52008603	1.41	7794798739	13	Philippines	6.38796417023619e-07
217	2019	0.9999999999997964	1.37	1465221	-67152	24.4	2.95	363	4.71	50971408	1.4	7713468100	13	Philippines	6.381997808568642e-07
218	2018	0.9999999999997967	1.41	1478469	-67152	24.4	2.95	358	4.68	49961978	1.4	7631091040	13	Philippines	6.375912911179218e-07
219	2017	0.9999999999997972	1.46	1509109	-67152	24.4	2.95	353	4.66	48978289	1.39	7547858925	13	Philippines	6.370460838660369e-07
220	2016	0.9999999999997973	1.52	1550604	-67152	24.4	2.95	348	4.63	48017889	1.39	7464022049	12	Philippines	6.366734560493762e-07
221	2015	0.9999999999997975	1.68	1629286	-166924	24.1	3.05	342	4.61	47078199	1.38	7379797139	12	Philippines	6.36548383180688e-07
222	2010	0.999999999999796	1.71	1528106	-309615	23.1	3.3	315	4.52	42487934	1.35	6956823603	12	Philippines	6.385235292726617e-07
223	2005	0.999999999999797	2.05	1666899	-248871	21.3	3.7	290	4.57	39435905	1.32	6541907027	12	Philippines	6.371179102531251e-07
224	2000	0.9999999999997944	2.25	1641533	-189869	20.5	3.9	262	4.61	35981065	1.27	6143493823	14	Philippines	6.410934078863813e-07
225	1995	0.999999999999792	2.43	1577786	-139775	19.8	4.14	234	4.66	32515486	1.21	5744212979	14	Philippines	6.448461431492898e-07
226	1990	0.9999999999997912	2.66	1523868	-62935	19.2	4.53	208	4.7	29106432	1.16	5327231061	14	Philippines	6.462540851335007e-07
227	1985	0.999999999999792	2.76	1383616	-58489	18.7	4.92	182	4.23	22943780	1.11	4870921740	17	Philippines	6.448543515378306e-07
228	1980	0.9999999999997994	2.78	1214400	-95312	18.0	5.46	159	3.75	17752900	1.06	4458003514	19	Philippines	6.334761350428795e-07
229	1975	0.9999999999998167	2.89	1096430	-75018	17.4	5.98	138	3.56	14684347	1.01	4079480606	19	Philippines	6.055359256954959e-07
230	1970	0.9999999999998439	2.98	978721	-94086	16.7	6.54	120	3.3	11807882	0.97	3700437046	19	Philippines	5.586031391149413e-07
231	1965	0.9999999999998822	3.31	928051	-43613	16.3	6.98	104	3.16	9770040	0.93	3339583597	23	Philippines	4.852800331076879e-07
232	1960	0.9999999999999275	3.45	818535	-30783	16.5	7.27	88	3.03	7959850	0.87	3034949748	23	Philippines	3.806662069741275e-07
233	1955	0.9999999999999747	3.6	719314	-9824	17.2	7.42	74	2.87	6365919	0.8	2773019936	23	Philippines	2.254582190297682e-07
234	2020	0.999999999999766	1.94	1946331	-38033	24.6	3.33	103	4.3	44041052	1.31	7794798739	14	Egypt	6.840319312357906e-07
235	2019	0.9999999999997639	2.0	1964475	-38033	24.3	3.43	101	4.31	43229498	1.3	7713468100	14	Egypt	6.873326475744156e-07
236	2018	0.9999999999997614	2.05	1981007	-38033	24.3	3.43	99	4.31	42437529	1.29	7631091040	14	Egypt	6.908912230579477e-07
237	2017	0.9999999999997589	2.11	1995518	-38033	24.3	3.43	97	4.32	41659745	1.28	7547858925	14	Egypt	6.94713811660077e-07
238	2016	0.9999999999997558	2.17	2004526	-38033	24.3	3.43	95	4.33	40889370	1.27	7464022049	14	Egypt	6.988040804608511e-07
239	2015	0.9999999999997528	2.24	1936262	-56189	24.3	3.45	93	4.34	40123329	1.25	7379797139	15	Egypt	7.03139432105694e-07
240	2010	0.9999999999997371	1.85	1447533	-56715	23.7	3.02	83	4.37	36182597	1.19	6956823603	15	Egypt	7.249770982753487e-07
241	2005	0.9999999999997348	1.87	1338402	-14893	22.5	3.15	76	4.37	33035354	1.15	6541907027	16	Egypt	7.282494819595379e-07
242	2000	0.9999999999997361	2.0	1299505	-42180	21.1	3.6	69	4.35	29917321	1.12	6143493823	15	Egypt	7.264109555787469e-07
243	1995	0.9999999999997394	2.12	1239912	-92081	20.2	4.15	63	4.38	27278501	1.09	5744212979	15	Egypt	7.21917018879097e-07
244	1990	0.9999999999997461	2.65	1375149	-42437	19.7	5.0	56	4.45	24961581	1.05	5327231061	20	Egypt	7.125745809502956e-07
245	1985	0.9999999999997475	2.61	1189934	-78586	19.5	5.49	49	4.48	22059000	1.01	4870921740	20	Egypt	7.10533921173431e-07
246	1980	0.99999999999976	2.36	951984	-119059	19.4	5.7	44	4.47	19340901	0.97	4458003514	21	Egypt	6.926956604901104e-07
247	1975	0.9999999999997897	2.24	807058	-111836	19.2	6.0	39	4.4	16964582	0.94	4079480606	21	Egypt	6.485228646592119e-07
248	1970	0.999999999999832	2.55	816166	-47940	19.1	6.45	35	4.21	14536071	0.93	3700437046	21	Egypt	5.794775140993149e-07
249	1965	0.9999999999998785	2.7	760026	-10020	19.0	6.65	31	4.03	12253382	0.91	3339583597	22	Egypt	4.928856555881364e-07
250	1960	0.9999999999999295	2.78	681954	-10020	19.9	6.75	27	3.84	10221871	0.88	3034949748	22	Egypt	3.754755303723018e-07
251	1955	0.9999999999999769	2.57	554229	-10020	20.7	6.75	23	3.53	8194766	0.84	2773019936	22	Egypt	2.1530264403703327e-07
252	2020	0.9999999999997414	0.91	876473	-80000	32.5	2.06	314	3.77	36727248	1.25	7794798739	15	Vietman	7.191393250150272e-07
253	2019	0.9999999999997442	0.96	916144	-80000	30.9	1.98	311	3.7	35686730	1.25	7713468100	15	Vietman	7.153067962250622e-07
254	2018	0.9999999999997468	1.0	945314	-80000	30.9	1.98	308	3.63	34658961	1.25	7631091040	15	Vietman	7.116993599371869e-07
255	2017	0.9999999999997492	1.03	960226	-80000	30.9	1.98	305	3.56	33642498	1.25	7547858925	15	Vietman	7.082403917569698e-07
256	2016	0.9999999999997516	1.04	963346	-80000	30.9	1.98	302	3.49	32635787	1.25	7464022049	15	Vietman	7.048238206357464e-07
257	2015	0.999999999999754	1.05	941885	-80000	30.5	1.96	299	3.41	31635369	1.26	7379797139	14	Vietman	7.013600644886985e-07
258	2010	0.9999999999997674	0.97	826998	-159994	28.5	1.93	284	3.06	26910696	1.26	6956823603	13	Vietman	6.820689119001944e-07
259	2005	0.9999999999997847	0.96	784450	-130200	26.4	1.92	270	2.74	23000555	1.28	6541907027	13	Vietman	6.560688798842752e-07
260	2000	0.9999999999998042	1.3	999990	-43200	24.2	2.25	258	2.45	19568590	1.3	6143493823	13	Vietman	6.257006909186028e-07
261	1995	0.9999999999998196	1.96	1384320	-78847	22.3	3.23	242	2.23	16668571	1.3	5744212979	13	Vietman	6.007171681935301e-07
262	1990	0.9999999999998268	2.23	1418428	-66465	21.1	3.85	219	2.03	13817423	1.28	5327231061	13	Vietman	5.883316593825776e-07
263	1985	0.9999999999998348	2.33	1322975	-65513	20.0	4.6	196	1.96	11942117	1.25	4870921740	13	Vietman	5.747435892319099e-07
264	1980	0.9999999999998472	2.19	1112731	-171779	19.1	5.5	175	1.93	10464982	1.22	4458003514	15	Vietman	5.526709611164553e-07
265	1975	0.9999999999998683	2.34	1062679	0	18.3	6.33	157	1.88	9152476	1.19	4079480606	17	Vietman	5.131553638005039e-07
266	1970	0.999999999999894	2.77	1109168	0	18.2	6.46	140	1.83	7943534	1.17	3700437046	17	Vietman	4.6077860571752706e-07
267	1965	0.9999999999999215	2.99	1037782	0	19.2	6.42	122	1.64	6216854	1.13	3339583597	18	Vietman	3.9620749132744915e-07
268	1960	0.9999999999999531	3.02	904519	0	21.9	6.16	105	1.47	4802582	1.08	3034949748	17	Vietman	3.060908497844013e-07
269	1955	0.9999999999999842	2.56	667508	0	23.6	5.4	91	1.31	3685807	1.02	2773019936	18	Vietman	1.7763602896362278e-07
270	2020	0.9999999999996946	3.19	2770836	23861	17.0	5.96	40	4.56	40848447	1.15	7794798739	16	DR Congo	7.815866841654838e-07
271	2019	0.9999999999996839	3.24	2722476	23861	16.8	6.31	38	4.5	39067608	1.13	7713468100	16	DR Congo	7.950172741696479e-07
272	2018	0.9999999999996728	3.28	2669327	23861	16.8	6.31	37	4.44	37348939	1.1	7631091040	16	DR Congo	8.088681352354932e-07
273	2017	0.9999999999996614	3.31	2609637	23861	16.8	6.31	36	4.38	35692384	1.08	7547858925	17	DR Congo	8.231083213988029e-07
274	2016	0.9999999999996492	3.34	2544583	23861	16.8	6.31	35	4.33	34098241	1.06	7464022049	19	DR Congo	8.376790366007843e-07
275	2015	0.9999999999996366	3.38	2336138	3012	16.8	6.4	34	4.27	32566508	1.03	7379797139	19	DR Congo	8.525200176943334e-07
276	2010	0.9999999999995681	3.34	1955590	-8685	16.9	6.63	28	4.0	25817901	0.93	6956823603	20	DR Congo	9.293125531194914e-07
277	2005	0.9999999999994962	3.07	1536015	-48313	17.0	6.72	24	3.75	20521483	0.84	6541907027	23	DR Congo	1.0039078848435206e-06
278	2000	0.9999999999994366	2.53	1105918	-191635	17.2	6.77	21	3.51	16534234	0.77	6143493823	25	DR Congo	1.061439831242357e-06
279	1995	0.9999999999994141	3.73	1392842	257421	17.2	6.77	18	3.29	13659173	0.72	5744212979	26	DR Congo	1.0823491131970645e-06
280	1990	0.9999999999993323	2.98	946159	14903	17.4	6.71	15	3.06	10603379	0.65	5327231061	29	DR Congo	1.155667786305738e-06
281	1985	0.9999999999993141	2.54	704464	-90094	17.5	6.6	13	2.85	8520577	0.61	4870921740	31	DR Congo	1.1713038978408818e-06
282	1980	0.9999999999993523	2.85	691065	20137	17.7	6.46	12	2.71	7135522	0.59	4458003514	31	DR Congo	1.1381351609854464e-06
283	1975	0.9999999999994043	2.74	578509	5490	17.8	6.29	10	2.58	5913533	0.56	4079480606	32	DR Congo	1.0915323677980796e-06
284	1970	0.9999999999995005	2.87	528231	48588	18.1	6.15	9	2.46	4924023	0.54	3700437046	33	DR Congo	9.994485043148196e-07
285	1965	0.9999999999996271	2.64	424326	24530	18.2	6.04	8	2.34	4070472	0.52	3339583597	33	DR Congo	8.635636751263325e-07
286	1960	0.9999999999997851	2.44	346148	15000	18.2	5.98	7	2.23	3400360	0.5	3034949748	33	DR Congo	6.558129191339945e-07
287	1955	0.9999999999999316	2.1	266771	0	18.1	5.98	6	2.07	2791904	0.49	2773019936	33	DR Congo	3.6989052645998255e-07
288	2020	0.9999999999996556	1.09	909452	283922	31.5	2.08	110	7.57	63803445	1.08	7794798739	17	Turkey	8.299830966825362e-07
289	2019	0.9999999999996579	1.32	1089527	283922	30.2	2.11	108	7.52	62743912	1.08	7713468100	18	Turkey	8.270444493837877e-07
290	2018	0.999999999999659	1.51	1223638	283922	30.2	2.11	107	7.48	61554688	1.08	7631091040	18	Turkey	8.258431785982159e-07
291	2017	0.9999999999996588	1.61	1288579	283922	30.2	2.11	105	7.43	60271457	1.07	7547858925	18	Turkey	8.259730301310911e-07
292	2016	0.9999999999996582	1.65	1298462	283922	30.2	2.11	104	7.38	58945516	1.07	7464022049	17	Turkey	8.267789078325469e-07
293	2015	0.9999999999996575	1.66	1240484	352616	29.9	2.12	102	7.34	57616730	1.06	7379797139	17	Turkey	8.277153849455016e-07
294	2010	0.9999999999996559	1.27	884704	-10000	28.3	2.2	94	7.08	51225748	1.04	6956823603	18	Turkey	8.295658599799477e-07
295	2005	0.9999999999996719	1.43	932655	-8000	26.6	2.37	88	6.78	46065593	1.04	6541907027	18	Turkey	8.099733461331992e-07
296	2000	0.9999999999996875	1.58	950748	-20000	24.9	2.65	82	6.47	40942328	1.03	6143493823	18	Turkey	7.906364107609216e-07
297	1995	0.9999999999997039	1.64	912939	-24000	23.5	2.9	76	6.21	36333494	1.02	5744212979	18	Turkey	7.694089038321399e-07
298	1990	0.9999999999997249	1.88	957565	-20000	22.1	3.39	70	5.92	31923032	1.01	5327231061	21	Turkey	7.418155490471563e-07
299	1985	0.9999999999997463	2.24	1031593	-14000	21.0	4.11	64	5.24	25769960	1.01	4870921740	21	Turkey	7.12338602135447e-07
300	1980	0.9999999999997674	2.29	939743	-52000	20.0	4.69	57	4.38	19252765	0.99	4458003514	20	Turkey	6.821907354812704e-07
301	1975	0.9999999999997974	2.41	880191	-48000	19.6	5.39	51	4.16	16333819	0.96	4079480606	20	Turkey	6.365006437057021e-07
302	1970	0.9999999999998355	2.4	780662	-36000	19.0	5.8	45	3.82	13334557	0.94	3700437046	20	Turkey	5.734552770686936e-07
303	1965	0.9999999999998828	2.43	700130	-30000	19.1	6.2	40	3.42	10601023	0.93	3339583597	20	Turkey	4.84292864938993e-07
304	1960	0.9999999999999337	2.51	640349	-12001	19.4	6.5	36	3.15	8657857	0.91	3034949748	20	Turkey	3.6400241770403426e-07
305	1955	0.9999999999999788	2.54	572440	-3800	19.8	6.69	32	2.86	6929929	0.88	2773019936	20	Turkey	2.0601056422172894e-07
306	2020	0.9999999999996526	1.3	1079043	-55000	32.0	2.15	52	7.55	63420504	1.08	7794798739	18	Iran	8.334032896020317e-07
307	2019	0.9999999999996537	1.36	1113718	-55000	30.1	1.96	51	7.53	62439455	1.07	7713468100	19	Iran	8.321885112972015e-07
308	2018	0.9999999999996544	1.4	1126305	-55000	30.1	1.96	50	7.51	61425055	1.07	7631091040	19	Iran	8.312939329672017e-07
309	2017	0.9999999999996552	1.39	1109894	-55000	30.1	1.96	50	7.48	60380188	1.07	7547858925	19	Iran	8.305042165873793e-07
310	2016	0.9999999999996559	1.37	1071774	-55000	30.1	1.96	49	7.45	59308845	1.07	7464022049	18	Iran	8.295210035280822e-07
311	2015	0.9999999999996572	1.25	945939	-100469	29.7	1.91	48	7.42	58217032	1.06	7379797139	18	Iran	8.281076027728064e-07
312	2010	0.9999999999996692	1.12	800034	-115380	27.0	1.82	45	7.14	52664138	1.06	6956823603	17	Iran	8.134212444667209e-07
313	2005	0.9999999999996892	1.23	827788	-9689	24.1	1.92	43	6.82	47575374	1.07	6541907027	17	Iran	7.883909066302328e-07
314	2000	0.9999999999997097	1.33	836148	-43670	21.2	2.4	40	6.45	42352090	1.07	6143493823	17	Iran	7.619232802684574e-07
315	1995	0.9999999999997318	1.74	1015289	-179685	18.6	3.7	38	5.94	36488609	1.07	5744212979	16	Iran	7.323901190219866e-07
316	1990	0.9999999999997482	3.55	1803806	299446	17.2	5.62	35	5.62	31672465	1.06	5327231061	19	Iran	7.096449279182587e-07
317	1985	0.9999999999997268	4.14	1739388	401534	17.2	6.53	29	5.34	25278712	0.97	4870921740	22	Iran	7.392202780539152e-07
318	1980	0.9999999999996987	3.38	1184095	80664	18.0	6.28	24	4.97	19215536	0.87	4458003514	22	Iran	7.761916961664606e-07
319	1975	0.9999999999997082	2.8	843181	15527	18.1	6.24	20	4.57	14973153	0.8	4079480606	25	Iran	7.638305576950767e-07
320	1970	0.999999999999754	2.7	711799	10351	17.7	6.68	18	4.12	11751335	0.77	3700437046	25	Iran	7.014131300187452e-07
321	1965	0.9999999999998194	2.64	609592	-1568	18.0	6.91	15	3.71	9250486	0.75	3339583597	27	Iran	6.01085006523467e-07
322	1960	0.9999999999998958	2.57	522557	-389	19.6	6.91	13	3.37	7390258	0.72	3034949748	26	Iran	4.564768912681612e-07
323	1955	0.9999999999999664	2.42	434972	-218	20.9	6.91	12	3.06	5895032	0.7	2773019936	27	Iran	2.5914621584069764e-07
324	2020	0.9999999999996511	0.32	266897	543822	45.7	1.59	240	7.63	63930305	1.07	7794798739	19	Germany	8.354822932534683e-07
325	2019	0.9999999999996587	0.47	392627	543822	45.9	1.46	240	7.64	63787507	1.08	7713468100	17	Germany	8.261786561051873e-07
326	2018	0.9999999999996653	0.56	466009	543822	45.9	1.46	238	7.65	63622346	1.09	7631091040	17	Germany	8.180508403677153e-07
327	2017	0.9999999999996716	0.57	464641	543822	45.9	1.46	237	7.68	63442124	1.1	7547858925	16	Germany	8.105648392044177e-07
328	2016	0.9999999999996777	0.5	406357	543822	45.9	1.46	236	7.7	63257479	1.1	7464022049	16	Germany	8.029805860704515e-07
329	2015	0.9999999999996843	0.24	192082	387715	45.9	1.43	235	7.71	63078413	1.11	7379797139	16	Germany	7.947433376999729e-07
330	2010	0.9999999999997243	-0.19	-155148	8617	44.3	1.36	232	7.7	62261612	1.16	6956823603	16	Germany	7.423261845092741e-07
331	2005	0.9999999999997728	0.05	40372	164889	42.1	1.35	234	7.6	62053609	1.25	6541907027	14	Germany	6.739969678222881e-07
332	2000	0.9999999999998113	0.06	52445	143189	40.1	1.35	234	7.5	61087413	1.32	6143493823	12	Germany	6.142439586832802e-07
333	1995	0.9999999999998462	0.52	416935	525692	38.4	1.3	233	7.4	60054511	1.41	5744212979	12	Germany	5.546061588224311e-07
334	1990	0.999999999999872	0.35	272478	336747	37.6	1.43	227	7.32	57849875	1.48	5327231061	12	Germany	5.059833543619368e-07
335	1985	0.9999999999998985	-0.15	-118301	5	37.2	1.46	223	7.27	56509433	1.6	4870921740	11	Germany	4.5049918205433225e-07
336	1980	0.9999999999999265	-0.15	-114588	45779	36.5	1.51	225	7.29	57036935	1.76	4458003514	9	Germany	3.832244762917896e-07
337	1975	0.9999999999999497	0.07	55531	140346	35.4	1.71	226	7.26	57225423	1.93	4079480606	8	Germany	3.1703342340082213e-07
338	1970	0.9999999999999676	0.6	464071	174253	34.2	2.36	225	7.23	56788207	2.12	3700437046	8	Germany	2.5452292001164637e-07
339	1965	0.9999999999999807	0.76	568759	133863	34.3	2.47	219	7.2	54869782	2.28	3339583597	7	Germany	1.9670059148654283e-07
340	1960	0.9999999999999907	0.52	375356	7966	34.7	2.27	211	7.14	52406122	2.42	3034949748	7	Germany	1.3621335773840693e-07
341	1955	0.9999999999999974	0.45	314243	-8400	34.5	2.13	205	6.97	49855283	2.58	2773019936	7	Germany	6.98934526036211e-08
342	2020	0.9999999999994971	0.25	174396	19444	40.1	1.53	137	5.11	35698325	0.9	7794798739	20	Thailand	1.002865645601848e-06
343	2019	0.9999999999995091	0.28	197129	19444	38.3	1.53	136	5.05	35132892	0.9	7713468100	20	Thailand	9.910150553566091e-07
344	2018	0.9999999999995203	0.32	218643	19444	38.3	1.53	136	4.98	34556078	0.91	7631091040	20	Thailand	9.794255389784846e-07
345	2017	0.9999999999995315	0.35	238502	19444	38.3	1.53	135	4.91	33966456	0.92	7547858925	20	Thailand	9.680708558507617e-07
346	2016	0.9999999999995421	0.37	256797	19444	38.3	1.53	135	4.84	33362840	0.92	7464022049	20	Thailand	9.56919651284122e-07
347	2015	0.9999999999995526	0.45	303897	33463	37.9	1.53	134	4.77	32745680	0.93	7379797139	20	Thailand	9.459428445902922e-07
348	2010	0.9999999999996013	0.54	355768	11802	35.5	1.56	132	4.39	29475114	0.97	6956823603	19	Thailand	8.929232085441809e-07
349	2005	0.9999999999996466	0.77	492709	74749	32.8	1.6	128	3.74	24476532	1.0	6541907027	19	Thailand	8.40770470440896e-07
350	2000	0.9999999999996846	1.15	697074	143166	30.2	1.77	123	3.14	19759915	1.02	6143493823	19	Thailand	7.942478410990953e-07
351	1995	0.9999999999997137	1.01	581818	-121508	26.6	1.99	116	3.03	18012031	1.04	5744212979	17	Thailand	7.567187290271136e-07
352	1990	0.99999999999975	1.68	906257	100881	24.3	2.3	111	2.94	16648721	1.06	5327231061	18	Thailand	7.072362610779278e-07
353	1985	0.9999999999997737	1.89	930486	67985	21.8	2.95	102	2.81	14621264	1.07	4870921740	18	Thailand	6.727289023036771e-07
354	1980	0.9999999999997995	2.28	1009632	57445	19.7	3.92	93	2.68	12695065	1.06	4458003514	18	Thailand	6.332524402592599e-07
355	1975	0.9999999999998256	2.79	1088355	79114	18.5	5.05	83	2.38	10058137	1.04	4079480606	18	Thailand	5.906491451463014e-07
356	1970	0.9999999999998529	3.0	1012375	0	18.0	5.99	72	2.09	7704931	1.0	3700437046	18	Thailand	5.422326581523775e-07
357	1965	0.9999999999998889	3.04	885091	0	18.3	6.13	62	2.02	6434876	0.95	3339583597	21	Thailand	4.713622305614406e-07
358	1960	0.9999999999999334	2.93	737215	0	18.8	6.14	54	1.97	5389651	0.9	3034949748	21	Thailand	3.650007097438558e-07
359	1955	0.9999999999999777	2.74	600154	0	18.9	6.14	46	1.8	4277639	0.86	2773019936	21	Thailand	2.1087141685179302e-07
360	2020	0.9999999999994683	0.53	355839	260650	40.5	1.75	281	8.32	56495180	0.87	7794798739	21	United Kingdom	1.0311402742453492e-06
361	2019	0.999999999999478	0.58	388488	260650	40.1	1.84	279	8.29	56012276	0.88	7713468100	21	United Kingdom	1.0217655006115486e-06
362	2018	0.9999999999994871	0.62	414223	260650	40.1	1.84	278	8.27	55521226	0.88	7631091040	21	United Kingdom	1.0127836531470542e-06
363	2017	0.9999999999994958	0.65	429517	260650	40.1	1.84	276	8.25	55025421	0.88	7547858925	21	United Kingdom	1.0040843604099702e-06
364	2016	0.9999999999995045	0.66	437798	260650	40.1	1.84	274	8.22	54529375	0.89	7464022049	21	United Kingdom	9.95505984317814e-07
365	2015	0.999999999999513	0.75	480068	260046	40.0	1.87	272	8.2	54035311	0.89	7379797139	21	United Kingdom	9.869398103060438e-07
366	2010	0.999999999999553	1.03	634371	437881	39.5	1.86	262	8.11	51469697	0.91	6956823603	21	United Kingdom	9.454803266970675e-07
367	2005	0.9999999999995839	0.46	272929	198445	38.7	1.66	249	7.99	48178255	0.92	6541907027	21	United Kingdom	9.122883818544765e-07
368	2000	0.99999999999964	0.34	198171	102672	37.6	1.74	244	7.87	46365434	0.96	6143493823	21	United Kingdom	8.485606264913262e-07
369	1995	0.9999999999996982	0.28	159612	41089	36.5	1.78	239	7.84	45427516	1.01	5744212979	19	United Kingdom	7.767666941357795e-07
370	1990	0.999999999999755	0.25	144168	19752	35.8	1.84	236	7.82	44683287	1.07	5327231061	15	United Kingdom	7.001037256175566e-07
371	1985	0.9999999999998076	0.07	40876	-19499	35.4	1.78	233	7.85	44263815	1.16	4870921740	15	United Kingdom	6.20418288491655e-07
372	1980	0.9999999999998576	0.02	11368	7824	34.4	1.73	232	7.86	44157482	1.26	4458003514	14	United Kingdom	5.33720733934961e-07
373	1975	0.9999999999999009	0.21	115776	21283	34.0	2.01	232	7.78	43667185	1.38	4079480606	13	United Kingdom	4.45217476538286e-07
374	1970	0.9999999999999353	0.49	266521	-16971	34.2	2.57	230	7.72	42903762	1.5	3700437046	12	United Kingdom	3.5988406190989616e-07
375	1965	0.9999999999999618	0.7	374050	28614	35.1	2.81	224	7.79	42259485	1.62	3339583597	9	United Kingdom	2.7654433881473884e-07
376	1960	0.9999999999999818	0.51	261340	13993	35.6	2.49	216	7.85	41130617	1.73	3034949748	9	United Kingdom	1.909468216538702e-07
377	1955	0.9999999999999952	0.18	89578	-83006	35.1	2.18	211	7.88	40241373	1.84	2773019936	9	United Kingdom	9.79165281963759e-08
378	2020	0.9999999999994249	0.22	143783	36527	42.3	1.85	119	8.15	53217966	0.84	7794798739	22	France	1.072410521933771e-06
379	2019	0.9999999999994388	0.21	139217	36527	41.5	1.95	119	8.11	52849078	0.84	7713468100	22	France	1.0594240467265774e-06
380	2018	0.9999999999994525	0.23	148002	36527	41.5	1.95	119	8.07	52476365	0.85	7631091040	22	France	1.0463065908185085e-06
381	2017	0.9999999999994662	0.27	174913	36527	41.5	1.95	118	8.03	52100536	0.86	7547858925	22	France	1.0332727871459173e-06
382	2016	0.9999999999994792	0.33	214396	36527	41.5	1.95	118	8.0	51722652	0.87	7464022049	22	France	1.0206038894652219e-06
383	2015	0.9999999999994915	0.5	314734	84766	41.2	1.98	118	7.97	51343241	0.87	7379797139	22	France	1.0084836749760594e-06
384	2010	0.9999999999995448	0.57	351881	89224	40.1	1.98	115	7.86	49393298	0.9	6956823603	22	France	9.54205605544009e-07
385	2005	0.9999999999995952	0.7	421006	185297	38.9	1.88	112	7.73	47229925	0.93	6541907027	20	France	8.998672401315156e-07
386	2000	0.9999999999996411	0.42	242641	38726	37.7	1.76	108	7.66	45225597	0.96	6143493823	20	France	8.472408483412796e-07
387	1995	0.9999999999996969	0.4	227009	24434	36.2	1.71	106	7.55	43630318	1.01	5744212979	20	France	7.785212290280458e-07
388	1990	0.9999999999997509	0.51	282400	55277	34.8	1.8	103	7.44	42182927	1.06	5327231061	17	France	7.05880081668032e-07
389	1985	0.9999999999997994	0.51	277368	58314	33.6	1.86	101	7.38	40800487	1.13	4870921740	16	France	6.334285816874019e-07
390	1980	0.9999999999998449	0.44	235887	51686	32.4	1.86	98	7.36	39623972	1.21	4458003514	16	France	5.569168149503232e-07
391	1975	0.9999999999998874	0.75	384931	108614	31.6	2.31	96	7.34	38658424	1.29	4079480606	15	France	4.7448615806199026e-07
392	1970	0.9999999999999224	0.81	403454	98323	32.4	2.65	93	7.12	36126954	1.37	3700437046	15	France	3.939806066985853e-07
393	1965	0.9999999999999526	1.31	614701	283574	32.7	2.85	89	6.74	32832934	1.46	3339583597	11	France	3.077134405045764e-07
394	1960	0.999999999999976	1.02	452356	166081	33.0	2.7	83	6.21	28381288	1.5	3034949748	12	France	2.189470372809388e-07
395	1955	0.9999999999999933	0.74	315497	42897	32.9	2.76	79	5.83	25317338	1.57	2773019936	11	France	1.1517720692831365e-07
396	2020	0.9999999999993298	-0.15	-88249	148943	47.3	1.33	206	6.95	42006701	0.78	7794798739	23	Italy	1.1577553082825035e-06
397	2019	0.9999999999993506	-0.13	-77216	148943	45.7	1.4	206	6.92	41887345	0.78	7713468100	23	Italy	1.1395526760281502e-06
398	2018	0.9999999999993711	-0.08	-46410	148943	45.7	1.4	206	6.89	41763099	0.79	7631091040	23	Italy	1.1216070993499813e-06
399	2017	0.9999999999993903	0.02	10641	148943	45.7	1.4	206	6.86	41637312	0.8	7547858925	23	Italy	1.104267563964149e-06
400	2016	0.9999999999994081	0.14	84566	148943	45.7	1.4	206	6.84	41515002	0.81	7464022049	23	Italy	1.0879767687281343e-06
401	2015	0.9999999999994243	0.42	250653	327474	45.4	1.42	206	6.83	41393818	0.82	7379797139	23	Italy	1.0729880475398182e-06
402	2010	0.9999999999994886	0.36	208803	210190	43.5	1.44	202	6.88	40811310	0.85	6956823603	23	Italy	1.0113740985301433e-06
403	2005	0.9999999999995547	0.55	317807	332869	41.9	1.31	198	6.84	39835813	0.89	6541907027	22	Italy	9.437003472058116e-07
404	2000	0.9999999999996111	-0.17	-96446	-59647	40.3	1.22	193	6.79	38513990	0.92	6143493823	22	Italy	8.81955884636864e-07
405	1995	0.9999999999996902	0.04	25234	30565	38.7	1.27	194	6.7	38316513	1.0	5744212979	21	Italy	7.870654296934051e-07
406	1990	0.9999999999997542	0.04	22292	-2012	37.0	1.35	194	6.68	38118729	1.07	5327231061	16	Italy	7.011610315170861e-07
407	1985	0.999999999999811	0.21	117485	52960	35.5	1.52	194	6.69	38099260	1.17	4870921740	14	Italy	6.147169490142415e-07
408	1980	0.9999999999998582	0.39	216813	32985	34.1	1.89	192	6.67	37597841	1.26	4458003514	13	Italy	5.323930184179368e-07
409	1975	0.9999999999998976	0.64	349263	3879	33.3	2.32	188	6.57	36320918	1.35	4079480606	14	Italy	4.523635488781247e-07
410	1970	0.9999999999999302	0.7	368342	-46356	32.8	2.5	182	6.43	34436288	1.45	3700437046	13	Italy	3.736992766059937e-07
411	1965	0.9999999999999579	0.78	395461	-46105	32.1	2.5	176	6.19	31990341	1.55	3339583597	10	Italy	2.902630842035476e-07
412	1960	0.9999999999999798	0.56	272875	-110909	31.4	2.29	169	5.94	29527606	1.64	3034949748	10	Italy	2.0120744183429473e-07
413	1955	0.9999999999999946	0.73	347395	-47233	30.2	2.36	164	5.69	27502303	1.74	2773019936	10	Italy	1.0344347180455715e-07
414	2020	0.9999999999993133	2.98	1728755	-40076	18.0	4.92	67	3.7	22113353	0.77	7794798739	24	Tanzania	1.1718576444735904e-06
415	2019	0.9999999999992926	3.0	1692025	-40076	17.6	5.17	65	3.62	21015391	0.75	7713468100	25	Tanzania	1.189543129755747e-06
416	2018	0.999999999999271	3.02	1653099	-40076	17.6	5.17	64	3.54	19958545	0.74	7631091040	25	Tanzania	1.2075270559746402e-06
417	2017	0.9999999999992488	3.04	1611109	-40076	17.6	5.17	62	3.47	18942828	0.72	7547858925	25	Tanzania	1.2257516368486055e-06
418	2016	0.9999999999992262	3.04	1566597	-40076	17.6	5.17	60	3.39	17968436	0.71	7464022049	25	Tanzania	1.2441273888414388e-06
419	2015	0.999999999999203	3.03	1427222	-50087	17.6	5.24	58	3.31	17035213	0.7	7379797139	26	Tanzania	1.262561687549046e-06
420	2010	0.9999999999990847	2.89	1179241	-100171	17.4	5.58	50	2.92	12959969	0.64	6956823603	30	Tanzania	1.3529808705404782e-06
421	2005	0.9999999999989769	2.8	990228	-60105	17.4	5.66	43	2.55	9791527	0.59	6541907027	31	Tanzania	1.4304172240944608e-06
422	2000	0.9999999999988861	2.47	770009	-80141	17.4	5.75	38	2.28	7624725	0.55	6143493823	32	Tanzania	1.4925738480746189e-06
423	1995	0.9999999999988483	3.3	889058	116819	17.2	6.05	33	2.08	6154968	0.52	5744212979	32	Tanzania	1.5177508551243794e-06
424	1990	0.9999999999987407	3.1	714010	13623	17.0	6.36	28	1.91	4807840	0.47	5327231061	34	Tanzania	1.5870594347786867e-06
425	1985	0.9999999999986913	3.14	619107	7012	16.9	6.55	24	1.69	3661481	0.44	4870921740	36	Tanzania	1.6178390514523754e-06
426	1980	0.9999999999986906	3.14	530606	-5008	16.8	6.73	21	1.47	2719241	0.42	4458003514	36	Tanzania	1.6182749415660186e-06
427	1975	0.9999999999987615	3.25	469950	24040	16.8	6.75	18	1.12	1781210	0.39	4079480606	38	Tanzania	1.5737890841843727e-06
428	1970	0.9999999999989083	3.07	380130	7212	17.0	6.79	15	0.79	1068352	0.37	3700437046	38	Tanzania	1.4775980255136975e-06
429	1965	0.999999999999169	2.97	316536	5008	17.1	6.8	13	0.61	704473	0.35	3339583597	46	Tanzania	1.28923219518662e-06
430	1960	0.9999999999995053	2.86	264498	2003	17.1	6.8	11	0.53	528498	0.33	3034949748	42	Tanzania	9.948118572018263e-07
431	1955	0.9999999999998359	2.68	215980	2003	17.1	6.74	10	0.44	385389	0.31	2773019936	46	Tanzania	5.727598617219292e-07
432	2020	0.9999999999993036	1.28	750420	145405	27.6	2.41	49	6.67	39550889	0.76	7794798739	25	South Africa	1.1802654889182554e-06
433	2019	0.9999999999993058	1.33	765752	145405	26.6	2.52	48	6.63	38820239	0.76	7713468100	24	South Africa	1.1783134986732377e-06
434	2018	0.9999999999993078	1.37	782762	145405	26.6	2.52	48	6.59	38086769	0.76	7631091040	24	South Africa	1.1766228977936718e-06
435	2017	0.9999999999993094	1.43	802110	145405	26.6	2.52	47	6.55	37348154	0.76	7547858925	24	South Africa	1.175237445323459e-06
436	2016	0.9999999999993106	1.48	821279	145405	26.6	2.52	46	6.51	36600982	0.75	7464022049	24	South Africa	1.1742174721203322e-06
437	2015	0.9999999999993114	1.58	833881	183939	26.4	2.55	46	6.47	35844349	0.75	7379797139	24	South Africa	1.1735739952027408e-06
438	2010	0.9999999999993138	1.36	667273	172444	25.0	2.63	42	6.27	32094811	0.74	6956823603	24	South Africa	1.171486853456578e-06
439	2005	0.9999999999993402	1.26	582579	157796	23.8	2.61	39	6.07	29065720	0.73	6541907027	26	South Africa	1.1486906774617076e-06
440	2000	0.9999999999993818	1.65	706390	127980	22.6	2.88	37	5.79	26015136	0.73	6143493823	27	South Africa	1.1119090170210385e-06
441	1995	0.9999999999994102	2.4	927050	170572	21.3	3.51	34	5.53	22932019	0.72	5744212979	27	South Africa	1.0860185060443075e-06
442	1990	0.9999999999994093	2.4	824327	-23600	19.8	4.4	30	5.31	19545369	0.69	5327231061	28	South Africa	1.0869414876836722e-06
443	1985	0.9999999999994265	2.73	824421	36200	19.5	4.9	27	5.1	16653360	0.67	4870921740	28	South Africa	1.0710283346965972e-06
444	1980	0.9999999999994482	2.54	672316	14663	19.4	5.05	24	5.05	14411610	0.64	4458003514	28	South Africa	1.0505390158103476e-06
445	1975	0.9999999999995078	2.68	625082	44532	19.3	5.5	21	5.01	12610547	0.62	4079480606	29	South Africa	9.922530045118417e-07
446	1970	0.9999999999995893	2.63	536987	39872	19.1	5.8	18	4.95	10919359	0.6	3700437046	29	South Africa	9.062167191906155e-07
447	1965	0.9999999999997006	2.54	457000	21310	19.4	6.0	16	4.86	9422320	0.58	3339583597	31	South Africa	7.738005176310452e-07
448	1960	0.999999999999829	2.37	378668	2984	19.9	6.05	14	4.76	8138204	0.56	3034949748	31	South Africa	5.848007934576166e-07
449	1955	0.9999999999999459	2.22	315615	1492	20.6	6.05	13	4.49	6829341	0.55	2773019936	31	South Africa	3.288067170214248e-07
